0 INTELSAT 1-F1
1 01317U 65028A   16011.38049259 -.00000283  00000-0  00000+0 0  9995
2 01317   1.6077 300.3959 0004552 217.7379  35.0016  1.00309682 88983
0 INTELSAT 2-F2
1 02639U 67001A   15356.06333645 -.00000141  00000-0  00000+0 0  9990
2 02639   5.6656 303.3462 0014550 270.3618 243.1687  1.00230311 80856
0 INTELSAT 2-F3
1 02717U 67026A   16007.10917060 -.00000056  00000-0  00000+0 0  9997
2 02717   4.6942 306.4522 0023794 274.9487 275.9538  1.00269828 81994
0 INTELSAT 2-F4
1 02969U 67094A   16010.14845468 -.00000254  00000-0  00000+0 0  9991
2 02969   4.8085 301.2887 0016684 226.8113 312.7614  1.00313922 78572
0 INTELSAT 3-F2
1 03623U 68116A   16008.08245956 -.00000092  00000-0  00000+0 0  9991
2 03623  12.8277 322.4205 0097975 358.7405 238.9845  0.90193663 91657
0 INTELSAT 3-F4
1 03947U 69045A   16010.85406777 -.00000094  00000-0  00000+0 0  9992
2 03947  12.9298 319.2984 0025783 343.5132 177.0897  0.90043965124875
0 INTELSAT 3-F6
1 04297U 70003A   16009.71172162 -.00000127  00000-0  00000+0 0  9995
2 04297   7.8597 308.1285 0012336 333.0732  88.5457  0.99159421139328
0 INTELSAT 3-F7
1  4376U 70032A   16008.95356803 +.00000153 +00000-0 +00000-0 0  9995
2  4376 006.5860 302.8707 0004470 291.2504 244.7176 01.00196086009126
0 INTELSAT 3-F8
1 04478U 70055A   16011.19614516  .00000063  00000-0  00000+0 0  9990
2 04478   3.2372 297.9009 0346589 173.8210  82.7968  1.02263118 83909
0 INTELSAT 4-F2
1 04881U 71006A   16009.37182184 -.00000200  00000-0  00000+0 0  9997
2 04881  12.7495 322.8340 0013549 332.8279 260.5720  0.98838115 83959
0 INTELSAT 4-F3
1  5709U 71116A   16009.92904546 +.00000111 +00000-0 +00000-0 0  9995
2  5709 013.9861 332.5253 0009612 353.7258 169.4917 00.99617670080904
0 INTELSAT 4-F4
1  5775U 72003A   16009.86464067 -.00000219 +00000-0 +00000-0 0  9996
2  5775 014.0858 334.8499 0001726 288.5228 255.7951 00.99824275008450
0 INTELSAT 4-F5
1 06052U 72041A   16007.03191355  .00000116  00000-0  00000+0 0  9995
2 06052  13.5186 330.0843 0005072 210.3968 149.6086  1.00107542 83682
0 INTELSAT 4-F7
1 06796U 73058A   16010.44710506  .00000057  00000-0  00000+0 0  9997
2 06796  14.4590 336.2941 0003213 152.9326  20.9825  0.99143146 97849
0 INTELSAT 4-F8
1 07544U 74093A   16010.92301890  .00000112  00000-0  00000+0 0  9996
2 07544  14.5002 341.8252 0001340 163.4582 348.5564  0.99781384 87230
0 INTELSAT 4-F1
1 07815U 75042A   16010.20598429  .00000059  00000-0  00000+0 0  9999
2 07815  14.6901 342.7128 0013438 180.1073 239.5570  0.99259763 84193
0 INTELSAT 4A-F1
1 08330U 75091A   16010.19300546 -.00000082  00000-0  00000+0 0  9992
2 08330  14.4166 341.6350 0005626 181.5561  15.0702  0.99937979 83363
0 INTELSAT 4A-F2
1 08620U 76010A   16010.34365796 -.00000121  00000-0  00000+0 0  9995
2 08620  14.5015 341.2861 0007969 212.5170 310.5984  0.99683146582683
0 INTELSAT 4A-F4
1 10024U 77041A   16010.96619686 -.00000267  00000-0  00000+0 0  9990
2 10024  14.8059 346.6667 0014009 178.9470 244.9308  0.99444092 83387
0 INTELSAT 4A-F3
1 10557U 78002A   16010.16732034  .00000051  00000-0  00000+0 0  9994
2 10557  14.6897 348.0941 0005775 212.1515 161.9195  0.99914928 83290
0 INTELSAT 4A-F6
1 10778U 78035A   16011.12919084 -.00000003  00000-0  00000+0 0  9992
2 10778  14.5430 347.4719 0009223 218.5481 314.0215  1.00247425 84049
0 INTELSAT 502
1 12089U 80098A   16011.13278950 -.00000094  00000-0  00000+0 0  9992
2 12089  15.2215 359.9317 0014703 232.4581 306.3526  0.98890113 96037
0 INTELSAT 501
1 12474U 81050A   16010.87000171 -.00000097  00000-0  00000+0 0  9990
2 12474  15.2356 357.8469 0007406 213.5244 314.4965  0.98852470100086
0 INTELSAT 503
1 12994U 81119A   16010.14831716 -.00000203  00000-0  00000+0 0  9999
2 12994  15.1077   0.5404 0023234 145.6847 308.1061  0.99467500 88847
0 INTELSAT 504
1 13083U 82017A   16009.97325840 -.00000107  00000-0  00000+0 0  9995
2 13083  15.1712   0.8143 0029261 153.2953  43.4375  0.99224765103978
0 INTELSAT 505
1 13595U 82097A   16010.81113266 -.00000154  00000-0  00000+0 0  9995
2 13595  15.4290   3.9361 0023963 300.3956 218.5522  0.98407626 90597
0 INTELSAT 506
1 14077U 83047A   16008.96709744 -.00000075 +00000-0 +00000-0 0  9995
2 14077 015.2957 006.9197 0038386 232.5858 235.0050 00.99163814086283
0 GALAXY 1
1 14158U 83065A   16009.79492845 -.00000151  00000-0  00000+0 0  9992
2 14158  14.9812  16.0398 0005067 219.1530 243.7330  1.00101476 92588
0 GALAXY 2
1 14365U 83098A   16009.71265925  .00000096  00000-0  00000+0 0  9994
2 14365  14.9391  16.4114 0003271 306.8728 238.5824  1.00194726 94029
0 INTELSAT 507
1 14421U 83105A   16011.07161119  .00000105  00000-0  00000+0 0  9999
2 14421  15.1583   4.8165 0004090 296.3814 237.6891  0.99692393 99348
0 INTELSAT 508
1 14786U 84023A   16011.13229255 -.00000125  00000-0  00000+0 0  9999
2 14786  15.8964  10.1137 0017225 135.4119  33.6951  0.97292629 78171
0 GALAXY 3
1 15308U 84101A   16011.51250008  .00000063  00000-0  00000+0 0  9999
2 15308  14.9116  19.3126 0007398 270.2085 238.3598  0.99833175114227
0 INTELSAT 510
1 15629U 85025A   16009.14835024 -.00000070  00000-0  00000+0 0  9993
2 15629  15.4946  13.3657 0034611 273.9381  89.3043  0.98284982 77794
0 INTELSAT 511
1 15873U 85055A   16010.82479786  .00000103  00000-0  00000+0 0  9999
2 15873  15.0813  13.0207 0010354 334.2344  85.7123  1.00099100 86395
0 INTELSAT 512
1 16101U 85087A   16009.05093100  .00000020  00000-0  00000+0 0  9992
2 16101  15.1931  17.4507 0010878 225.3054 136.5197  0.99110974 92531
0 NSS 513 (INTELSAT 513)
1 19121U 88040A   16010.19493641 -.00000074  00000-0  00000+0 0  9990
2 19121  14.9398  21.9400 0009183 354.5749 193.2961  0.98575317 77015
0 INTELSAT 515
1 19772U 89006A   16010.09691341 -.00000064  00000-0  00000+0 0  9990
2 19772  14.2142  27.4941 0017134  16.2980  13.1470  0.99103080 86865
0 INTELSAT 602
1 20315U 89087A   16010.34143968 -.00000128  00000-0  00000+0 0  9990
2 20315  11.5925  37.7580 0004854 156.3730 225.4956  0.99008485 93606
0 INTELSAT 603
1 20523U 90021A   16010.96728292 -.00000267  00000-0  00000+0 0  9992
2 20523  11.0355  39.1896 0004910 280.6776 109.0457  0.99483391 87440
0 INTELSAT 604
1 20667U 90056A   16011.46314896 -.00000140  00000-0  00000+0 0  9996
2 20667  11.4697  40.1866 0009296 222.6254 318.8954  0.98434195 95741
0 GALAXY 6
1 20873U 90091B   16010.10711552  .00000102  00000-0  00000+0 0  9991
2 20873  10.9102  40.3167 0005950 170.3659 148.4625  0.99761651 86767
0 INTELSAT 605
1 21653U 91055A   16009.72636654 -.00000313  00000-0  00000+0 0  9999
2 21653   9.3857  45.7808 0004712 192.0071 266.4159  0.99327590 89113
0 INTELSAT 601
1 21765U 91075A   16008.18515096  .00000092  00000-0  00000+0 0  9993
2 21765   9.3293  44.8469 0005869 216.5696 143.3992  0.99587228 88341
0 GALAXY 5
1 21906U 92013A   16009.59794595 -.00000080 +00000-0 +00000-0 0  9991
2 21906 009.1895 046.2243 0011086 352.3278 019.9229 00.99285325008406
0 NSS K (INTELSAT K)
1 21989U 92032A   16010.09148508 -.00000063  00000-0  00000+0 0  9997
2 21989  11.4284  41.9040 0087048 261.8289 105.4332  0.97180209 95437
0 GALAXY 7
1 22205U 92072A   16010.18519053  .00000089  00000-0  00000+0 0  9997
2 22205  12.3811  35.2964 0009802 273.9640 260.0311  0.99697892 78915
0 HGS 4 (GALAXY 4)
1 22694U 93039A   16009.61130459 -.00000108  00000-0  00000+0 0  9991
2 22694  13.6988  28.7917 0015168 210.4569 165.1743  1.00265648 80773
0 INTELSAT 701
1 22871U 93066A   16010.02186380 -.00000213  00000-0  00000+0 0  9996
2 22871   3.1977  69.9046 0004694 215.3550 162.0806  1.00271315 81144
0 GALAXY 1R
1 23016U 94013A   16009.29945002 -.00000240  00000-0  00000+0 0  9992
2 23016   8.1406  48.2827 0005494 201.8664 279.6423  0.99223198 79397
0 INTELSAT 702
1 23124U 94034A   16009.79531476  .00000155  00000-0  00000+0 0  9990
2 23124   3.5425  68.1562 0002255 197.9087 161.9014  1.00271029 93169
0 INTELSAT 2 (PAS 2)
1 23175U 94040A   16011.05257414 -.00000247  00000-0  00000+0 0  9995
2 23175   5.7912  60.2632 0004069 246.7313 141.4294  0.99195146 77898
0 NSS 703 (INTELSAT 703)
1 23305U 94064A   16011.49424336 -.00000292  00000-0  00000+0 0  9993
2 23305   5.1124  60.3858 0006733 188.6541 191.8509  0.99308738 77891
0 INTELSAT 704
1 23461U 95001A   16009.50937395 -.00000095  00000-0  00000+0 0  9992
2 23461   5.3755  59.3407 0002865 148.3777   4.9581  0.99179097 76662
0 INTELSAT 705
1 23528U 95013A   16011.47417609 -.00000280  00000-0  00000+0 0  9995
2 23528   4.9792  61.1076 0013532  11.4596 351.2226  0.98975968 75907
0 INTELSAT 706
1 23571U 95023A   16009.84370284 -.00000235 +00000-0 +00000-0 0  9990
2 23571 003.4689 067.2844 0003742 176.7691 334.3321 00.99055103075579
0 INTELSAT 4 (PAS 4)
1 23636U 95040A   16011.50722859 -.00000065  00000-0  00000+0 0  9996
2 23636   4.8122  63.3129 0029479 156.7590 298.1598  0.97127067 74155
0 GALAXY 3R
1 23741U 95069A   16010.08542848 -.00000163  00000-0  00000+0 0  9993
2 23741   9.3327  44.6874 0004602 207.8073 151.4834  1.00326293 73591
0 INTELSAT 3R (PAS 3R)
1 23764U 96002A   16009.92045338 -.00000112 +00000-0 +00000-0 0  9994
2 23764 005.1395 060.0930 0016931 187.5244 296.2732 00.99085595073029
0 INTELSAT 707
1 23816U 96015A   16010.05192486 -.00000033  00000-0  00000+0 0  9990
2 23816   2.5018  74.1002 0066555 261.0059 250.5776  0.98480231 72424
0 INTELSAT 24 (AMOS 1)
1 23865U 96030B   16011.45959634 -.00000159  00000-0  00000+0 0  9991
2 23865   6.1537  57.7375 0009213 126.6607 239.9313  0.97118555 71576
0 GALAXY 9
1 23877U 96033A   16010.13282046 -.00000181  00000-0  00000+0 0  9992
2 23877   5.9935  56.8510 0007316  93.9845 294.1750  0.99538318 71765
0 INTELSAT 709
1 23915U 96035A   16010.92485230 -.00000299  00000-0  00000+0 0  9994
2 23915   2.9438  71.5182 0014344 170.4160 344.0150  0.99183381 71598
0 INTELSAT 26 (JCSAT 4)
1 24732U 97007A   16010.85384676  .00000024  00000-0  00000+0 0  9991
2 24732   6.6217  54.0660 0003523 218.3338 206.9641  1.00271499 69077
0 INTELSAT 801
1 24742U 97009A   16010.34172174 -.00000091  00000-0  00000+0 0  9991
2 24742   6.0197  57.2785 0011716 253.0552 119.5757  0.98736518 69003
0 GALAXY 25 (TELSTAR 5)
1 24812U 97026A   16010.95334179 -.00000160  00000-0  00000+0 0  9997
2 24812   0.0298  42.5943 0002983 245.2901  72.0831  1.00271001 68153
0 INTELSAT 802
1 24846U 97031A   16009.86375422 -.00000039 +00000-0 +00000-0 0  9990
2 24846 004.0360 065.4196 0030589 200.7333 251.7902 00.98107799067541
0 INTELSAT 5 (PAS 5)
1 24916U 97046A   16009.46659693 -.00000136  00000-0  00000+0 0  9992
2 24916   2.5200  73.7867 0004542 222.4475 137.1763  1.00271407 67397
0 NSS 5 (INTELSAT 803)
1 24957U 97053A   16010.12222741  .00000113  00000-0  00000+0 0  9994
2 24957   2.8235  72.0383 0003803 224.1548 267.3593  1.00272068 67028
0 GALAXY 8
1 25086U 97078A   16008.41915215 -.00000208 +00000-0 +00000-0 0  9996
2 25086 010.9485 040.2110 0006742 275.8137 104.6314 00.99707376065930
0 INTELSAT 804
1 25110U 97083A   16011.12981564  .00000023  00000-0  00000+0 0  9995
2 25110   9.0066  45.7148 0007374 221.6918 308.3318  1.00393145 66229
0 NSS 806 (INTELSAT 806)
1 25239U 98014A   16011.34079148 -.00000277  00000-0  00000+0 0  9994
2 25239   0.0535  17.2646 0004698 271.6743 256.5045  1.00269804 65456
0 INTELSAT 805
1 25371U 98037A   16010.51904218 -.00000194  00000-0  00000+0 0  9997
2 25371   0.0146  20.3183 0003081 293.0172 275.6313  0.99533168 64353
0 INTELSAT 7 (PAS 7)
1 25473U 98052A   16010.95756471 -.00000142  00000-0  00000+0 0  9994
2 25473   2.1223  76.7574 0003851 183.8683 175.7545  1.00271639 63443
0 INTELSAT 8 (PAS 8)
1 25522U 98065A   16010.85580519 -.00000028  00000-0  00000+0 0  9993
2 25522   0.0107  61.2632 0003196 229.6480 295.9713  1.00271665 62918
0 INTELSAT 6B (PAS 6B)
1 25585U 98075A   16011.13077558 -.00000241  00000-0  00000+0 0  9996
2 25585   6.4360  55.3915 0014790  85.9174 333.0726  0.99154700 62220
0 GALAXY 26 (TELSTAR 6)
1 25626U 99005A   16010.81010220 -.00000265  00000-0  00000+0 0  9999
2 25626   3.7142  79.3360 0002933 149.7358 307.2314  0.98999186 61851
0 GALAXY 27 (TELSTAR 7)
1 25922U 99052A   16009.72334954 -.00000001  00000-0  00000+0 0  9999
2 25922   2.1868  75.7220 0005813 204.2368 155.3264  1.00270728 59672
0 GALAXY 11
1 26038U 99071A   16011.06338911 -.00000154  00000-0  00000+0 0  9995
2 26038   0.0328 137.8310 0005005 218.1934 111.5023  1.00486009 58908
0 GALAXY 10R
1 26056U 00002A   16011.00157793  .00000030  00000-0  00000+0 0  9994
2 26056   6.2442  55.9260 0003124 158.7571 330.0508  0.99634716 58355
0 GALAXY 4R
1 26298U 00020A   16009.24540220 -.00000039  00000-0  00000+0 0  9996
2 26298   7.7267  50.3826 0006230 172.9842 339.6562  0.99841524 57600
0 INTELSAT 9 (PAS 9)
1 26451U 00043A   16011.16427522 -.00000270  00000-0  00000+0 0  9992
2 26451   2.5083  74.0160 0002713 214.0245 198.0762  1.00268882 56646
0 INTELSAT 12 (PAS 12)
1 26590U 00068A   16010.18536241  .00000141  00000-0  00000+0 0  9999
2 26590   0.0422 275.4693 0003009  16.3721 289.0002  1.00271141 55581
0 INTELSAT 1R (PAS 1R)
1 26608U 00072A   16011.09716318 -.00000280  00000-0  00000+0 0  9995
2 26608   0.0238 232.4476 0001123   9.7826 212.8052  1.00269477 55459
0 INTELSAT 10 (PAS 10)
1 26766U 01019A   16009.73065150 +.00000131 +00000-0 +00000-0 0  9996
2 26766 000.4308 087.2164 0001935 201.7671 130.2635 01.00274361007410
0 INTELSAT 901
1 26824U 01024A   16010.38210289 -.00000137  00000-0  00000+0 0  9991
2 26824   0.0214  45.3385 0002518 234.2258 309.3243  1.00271262 53385
0 INTELSAT 902
1 26900U 01039A   16010.98715275  .00000035  00000-0  00000+0 0  9999
2 26900   0.0248  69.9700 0003020 223.4661 233.8681  1.00273163 52565
0 INTELSAT 904
1 27380U 02007A   16010.84965105  .00000052  00000-0  00000+0 0  9991
2 27380   0.0109   3.1018 0003050 292.8787 179.6853  1.00271472 50891
0 INTELSAT 903
1 27403U 02016A   16009.13417546 -.00000232  00000-0  00000+0 0  9999
2 27403   0.0194  51.7953 0003548 242.2472 187.8473  1.00271834 50420
0 INTELSAT 905
1 27438U 02027A   16009.37132447 -.00000179  00000-0  00000+0 0  9999
2 27438   0.0305 290.5697 0002596 334.9110 312.0264  1.00271257 49742
0 GALAXY 3C
1 27445U 02030A   16009.96151417 -.00000146  00000-0  00000+0 0  9998
2 27445   0.0296  26.7216 0001589 318.0638  15.2098  1.00268522 49742
0 INTELSAT 906
1 27513U 02041A   16010.94482605  .00000017  00000-0  00000+0 0  9998
2 27513   0.0210 303.7571 0003333 348.3020 222.1052  1.00273059 48767
0 INTELSAT 907
1 27683U 03007A   16010.77165709 -.00000200  00000-0  00000+0 0  9998
2 27683   0.0221  41.0230 0003276 251.4973  67.4451  1.00270210 47182
0 GALAXY 12
1 27715U 03013B   16011.23939911  .00000061  00000-0  00000+0 0  9991
2 27715   0.0431 214.6762 0001599  50.5808 162.0966  1.00270809 46805
0 GALAXY 23 (TELSTAR 13)
1 27854U 03034A   16011.11749428  .00000015  00000-0  00000+0 0  9996
2 27854   0.0327  70.7410 0003435 237.8464  82.7576  1.00271779 45422
0 HORIZONS 1 (GALAXY 13)
1 27954U 03044A   16009.24185539  .00000054  00000-0  00000+0 0  9999
2 27954   0.0395  75.0081 0002550 199.2397 153.9955  1.00272532 44949
0 INTELSAT 1002
1 28358U 04022A   16011.32554551 -.00000010  00000-0  00000+0 0  9994
2 28358   0.0130  98.2870 0000843 112.6479  15.5449  1.00270521 42429
0 GALAXY 28 (IA 8)
1 28702U 05022A   16010.36235823 -.00000181  00000-0  00000+0 0  9998
2 28702   0.0170  34.5917 0000359 159.6669 316.4478  1.00268120 38618
0 GALAXY 14
1 28790U 05030A   16010.40851758  .00000041  00000-0  00000+0 0  9994
2 28790   0.0240 327.7502 0002183 324.3411 199.3267  1.00270899 38095
0 GALAXY 15
1 28884U 05041A   16010.41123959  .00000082  00000-0  00000+0 0  9991
2 28884   0.0422 294.5806 0002333   8.9012 180.9269  1.00274334 37419
0 GALAXY 16
1 29236U 06023A   16011.50079306 -.00000125  00000-0  00000+0 0  9990
2 29236   0.0138 272.0781 0003300  13.4101 266.2544  1.00268729 35067
