0 OPS 9845 (DMSP 5D-2 F6)
1 13736U 82118A   16011.12083912  .00000042  00000-0  33538-4 0  9997
2 13736  98.5775 201.0322 0007490 358.4297   1.6860 14.29174486720894
0 ARIANE 1 DEB
1 16616U 86019D   16010.76952532  .00000132  00000-0  69933-4 0  9991
2 16616  98.6654  77.1040 0007038 313.1738 191.3850 14.28789786554150
0 DMSP 5D-2 F9 (USA 29)
1 18822U 88006A   16010.74017221  .00000078  00000-0  50063-4 0  9998
2 18822  98.6925 248.6501 0007278 104.1261 256.0728 14.27045286452658
0 OSCAR 14 (UOSAT 3)
1 20437U 90005B   16010.77180826  .00000030  00000-0  27407-4 0  9994
2 20437  98.6056 311.1670 0009550 280.8477 103.1910 14.32191433356286
0 OSCAR 15 (UOSAT 4)
1 20438U 90005C   16011.47649572  .00000025  00000-0  26451-4 0  9993
2 20438  98.6524 313.8059 0009453 335.5243 142.7820 14.30940035355521
0 OSCAR 16 (PACSAT)
1 20439U 90005D   16011.42699300  .00000060  00000-0  38171-4 0  9994
2 20439  98.5611 309.7529 0009691 265.6489 212.0622 14.32601950356550
0 OSCAR 17 (DOVE)
1 20440U 90005E   16010.44924532  .00000063  00000-0  38825-4 0  9994
2 20440  98.5422 308.6473 0009737 254.1265 218.8460 14.32987474356635
0 CZ-4 DEB
1 20797U 90081G   16010.73891571  .00000343  00000-0  20670-3 0  9990
2 20797  98.7324  43.4528 0008396 209.6894 213.4163 14.13133168303232
0 OSCAR 22 (UoSAT 5)
1 21575U 91050B   16011.20933551  .00000068  00000-0  35806-4 0  9992
2 21575  98.7546   9.0005 0008283  60.8464 299.3552 14.40704738285978
0 ORBCOMM-X
1 21576U 91050C   16011.07801613  .00000115  00000-0  49841-4 0  9998
2 21576  98.7455  19.1213 0004725  77.1803 282.9913 14.41327960285907
0 TUBSAT A
1 21577U 91050D   16010.76991081  .00000045  00000-0  29409-4 0  9993
2 21577  98.7753   6.4358 0007284 103.2126 256.9874 14.39312172285116
0 ARIANE 40 R/B
1 21610U 91050F   16010.55587772  .00000071  00000-0  36557-4 0  9997
2 21610  98.6789  55.7194 0004166  74.3268  86.0514 14.40690697284719
0 NOAA 13
1 22739U 93050A   16010.85756140  .00000025  00000-0  36063-4 0  9993
2 22739  98.6365  74.4569 0008869 223.9279 265.1184 14.12638696155556
0 STELLA
1 22824U 93061B   16010.84270865 -.00000043  00000-0  86457-6 0  9999
2 22824  98.7471 319.4049 0007292 123.9036 263.1042 14.27360213161353
0 KITSAT B
1 22825U 93061C   16011.43705973  .00000035  00000-0  30961-4 0  9996
2 22825  98.7382 326.8979 0009415  62.4892 297.7246 14.29930828162699
0 POSAT 1
1 22826U 93061D   16011.09738409  .00000045  00000-0  34492-4 0  9993
2 22826  98.7326 326.6993 0009871  55.4885 304.7228 14.30252600162801
0 HEALTHSAT 1
1 22827U 93061E   16010.84009425  .00000085  00000-0  49154-4 0  9990
2 22827  98.7406 330.7587 0009443  26.3388   6.2861 14.31114365163169
0 IRS P2
1 23323U 94068A   16010.87884400  .00000024  00000-0  29659-4 0  9998
2 23323  98.7194 317.0896 0001059  82.1393 332.6527 14.23651927103011
0 NOAA 14
1 23455U 94089A   16010.94187240  .00000009  00000-0  27281-4 0  9995
2 23455  98.7367  92.9694 0009073 202.4753 212.2709 14.14065104 84890
0 ARIANE 40+ R/B
1 23561U 95021B   16010.52752987  .00000113  00000-0  52956-4 0  9993
2 23561  98.7547 354.6664 0007313  17.2490  91.3862 14.37691184 86007
0 RADARSAT
1 23710U 95059A   16010.88081067  .00000115  00000-0  60722-4 0  9995
2 23710  98.5820  20.6427 0001079  81.3986 278.7320 14.30552053 53656
0 IRS 1C
1 23751U 95072A   16010.96988786  .00000036  00000-0  35449-4 0  9998
2 23751  98.6281 316.9465 0001167  95.3948 306.1796 14.22461890 40004
0 SKIPPER
1 23752U 95072B   16011.50366959 -.00000020  00000-0  10578-4 0  9992
2 23752  98.8378 329.0466 0005325 353.8077 118.6204 14.25769796 42668
0 SL-6 R/B
1 23753U 95072C   16010.49694300  .00000019  00000-0  26951-4 0  9993
2 23753  98.8324 331.3291 0003367 348.0420 119.2853 14.26484708 42782
0 IRS B3
1 23827U 96017A   16010.47622570  .00000063  00000-0  47649-4 0  9999
2 23827  98.6785 308.9033 0004394 105.7529 254.4134 14.22421342 27953
0 ADEOS
1 24277U 96046A   16010.47421041  .00000040  00000-0  33257-4 0  9996
2 24277  98.6588 315.9245 0002240  72.8292 287.3135 14.29310893 11400
0 ORBVIEW 2 (SEASTAR)
1 24883U 97037A   16010.42458257  .00000102  00000-0  52710-4 0  9998
2 24883  98.5125 120.9700 0002050 189.8458 170.2686 14.33273107976874
0 ARIANE 40 R/B
1 25261U 98017B   16010.52642296  .00000163  00000-0  74546-4 0  9995
2 25261  98.4828 320.2811 0002917 182.9388 308.2213 14.33418163929993
0 NOAA 15
1 25338U 98030A   16010.96681339  .00000065  00000-0  46268-4 0  9995
2 25338  98.7802  14.8259 0009653 287.4072  72.6052 14.25693690918442
0 RESURS O1-N4
1 25394U 98043A   16010.98377314 -.00000020  00000-0  96226-5 0  9990
2 25394  98.4952 323.8667 0002182  54.4196 351.2473 14.24466735909868
0 FASAT B
1 25395U 98043B   16011.45140586  .00000057  00000-0  42503-4 0  9990
2 25395  98.5004 324.7592 0003372  33.8515 326.2880 14.25070003910049
0 TMSAT
1 25396U 98043C   16010.43840515  .00000042  00000-0  36477-4 0  9994
2 25396  98.5200 322.2604 0003646  63.3596  45.9029 14.24367554909616
0 TECHSAT 1B
1 25397U 98043D   16010.43726852  .00000009  00000-0  22811-4 0  9992
2 25397  98.5485 319.6628 0002416  85.5753 274.5702 14.23578073909272
0 WESTPAC
1 25398U 98043E   16009.80058844 -.00000037 +00000-0 +25280-5 0  9997
2 25398 098.5582 317.5983 0002419 073.8671 286.2773 14.22805987908930
0 SAFIR 2
1 25399U 98043F   16011.11680606  .00000031  00000-0  31638-4 0  9998
2 25399  98.5112 323.3877 0002249  34.8719 325.2607 14.24523186909793
0 ARGOS
1 25634U 99008A   16010.26937241  .00000009  00000-0  25204-4 0  9994
2 25634  98.6902  79.1205 0009131 278.7298 123.0665 14.19274215874151
0 QUIKSCAT
1 25789U 99034A   16011.48579101  .00000006  00000-0  20118-4 0  9992
2 25789  98.6068 202.2453 0001810 105.5905 254.5476 14.27233661862625
0 CBERS 1
1 25940U 99057A   16011.21043699  .00000061  00000-0  36160-4 0  9990
2 25940  98.4370 315.0436 0006091 112.7313  24.2031 14.35300585850817
0 DMSP 5D-2 F15 DEB
1 25992U 99067B   16009.90205017 +.00000804 +00000-0 +31173-3 0  9998
2 25992 098.4987 088.8197 0007421 194.6931 218.0816 14.32661633836662
0 DMSP 5D-2 F15 DEB
1 25993U 99067C   16009.86165707 +.00001097 +00000-0 +41994-3 0  9992
2 25993 098.4214 070.7146 0004577 210.2249 211.6474 14.32542117836222
0 ENVISAT
1 27386U 02009A   16011.15883785  .00000027  00000-0  22819-4 0  9996
2 27386  98.3073  70.0551 0001153  75.3292 284.8022 14.37850487725911
0 HAIYANG 1
1 27430U 02024A   16010.53163848  .00000096  00000-0  52252-4 0  9995
2 27430  98.2448  10.3420 0008992 169.7364 301.5728 14.30749044712863
0 ADEOS 2
1 27597U 02056A   16010.59919369  .00000099  00000-0  57371-4 0  9997
2 27597  98.3052 358.4665 0002137  79.5660  56.4469 14.27168837680737
0 FEDSAT
1 27598U 02056B   16010.88762764  .00000032  00000-0  29152-4 0  9998
2 27598  98.3571 340.2626 0009028 355.3079   4.8017 14.28562309681623
0 WEOS
1 27599U 02056C   16011.15175434  .00000039  00000-0  31598-4 0  9996
2 27599  98.3175 347.0701 0009872 357.7955   2.3183 14.29301959681933
0 DTUSAT
1 27842U 03031C   16011.46888149  .00000095  00000-0  62914-4 0  9997
2 27842  98.6845  21.2425 0009870  38.5779 321.6102 14.21992632650177
0 QUAKESAT
1 27845U 03031F   16011.48410845  .00000173  00000-0  98325-4 0  9998
2 27845  98.7015  22.7975 0009866  82.3460 277.8837 14.21848139649880
0 AAU CUBESAT
1 27846U 03031G   16010.97730221  .00000094  00000-0  62378-4 0  9996
2 27846  98.6845  20.7551 0009872  39.9177 320.2725 14.21994798650108
0 CANX-1
1 27847U 03031H   16010.68593681  .00000087  00000-0  58972-4 0  9999
2 27847  98.6851  20.4228 0009934  40.9511 319.2411 14.21948406650012
0 IRS P6
1 28051U 03046A   16011.34530788  .00000021  00000-0  29457-4 0  9990
2 28051  98.6747  91.3913 0004637  54.1801 305.9810 14.21647353634997
0 DMSP 5D-3 F16 DEB
1 28055U 03048B   16009.94628883 +.00000771 +00000-0 +37745-3 0  9993
2 28055 098.5656 015.1134 0002662 090.2059 299.5674 14.20704649631961
0 DMSP 5D-3 F16 DEB
1 28056U 03048C   16009.92983558 +.00000770 +00000-0 +38057-3 0  9991
2 28056 098.5677 015.7652 0003130 096.0965 264.0569 14.20220257632124
0 CBERS 2
1 28057U 03049A   16011.13655998  .00000072  00000-0  39516-4 0  9990
2 28057  98.2594 340.3519 0001309  36.7864 323.3412 14.35482753640474
0 DMSP 5D-3 F16 DEB
1 28080U 03048D   16011.15299115  .00000935  00000-0  43770-3 0  9996
2 28080  98.5960  44.9499 0005265 113.0705 287.8968 14.22558792630441
0 DMSP 5D-2 F11 DEB
1 28344U 91082BH  16010.98433135  .00001742  00000-0  67502-3 0  9992
2 28344  98.7500  21.2315 0008963 204.7674 185.2694 14.31284830604742
0 METOP-A
1 29499U 06044A   16010.54803138  .00000054  00000-0  44612-4 0  9997
2 29499  98.7194  71.6894 0000650 181.9939 314.0061 14.21487214478748
0 DMSP 5D-3 F17 DEB
1 29524U 06050C   16010.71566703  .00000731  00000-0  37085-3 0  9993
2 29524  98.8395  28.5815 0005636  35.3623  15.1011 14.19077840474406
0 DMSP 5D-3 F17 DEB
1 29525U 06050D   16011.03442390  .00000803  00000-0  40060-3 0  9992
2 29525  98.8278  30.3624 0004155  40.1450  13.5780 14.19730649474591
0 DMSP 5D-3 F17 DEB
1 29600U 06050BS  16010.85501450  .00000931  00000-0  45281-3 0  9990
2 29600  98.8226  31.0929 0007641  59.4177  64.8833 14.20651419472850
0 DMSP 5D-3 F17 DEB
1 29637U 06050BV  16011.11981850  .00001854  00000-0  85571-3 0  9997
2 29637  98.8219  32.6031 0009423 217.9009 182.8928 14.22189715471232
0 FENGYUN 1C DEB
1 30371U 99025ACJ 16011.01281410  .00000818  00000-0  41476-3 0  9997
2 30371  98.9011  39.0018 0008029   8.0587  21.8613 14.18818561464190
0 FENGYUN 1C DEB
1 30387U 99025ADA 16009.87357731  .00000206  00000-0  13671-3 0  9992
2 30387  98.9935  27.6721 0000574  84.1957  37.2251 14.12174533461542
0 FENGYUN 1C DEB
1 30503U 99025AHR 16011.10885510  .00000163  00000-0  11157-3 0  9991
2 30503  98.9875 104.7970 0009454  44.6887  75.2218 14.12902717461714
0 CBERS 1 DEB
1 30789U 99057NY  16011.40042447  .00001016  00000-0  32544-3 0  9990
2 30789  98.4006 320.2370 0008650  56.9235  65.8887 14.41606435465823
0 CBERS 1 DEB
1 30792U 99057PB  16010.79778591  .00000100  00000-0  49994-4 0  9992
2 30792  98.4387 314.3969 0008074 106.1840 283.7031 14.35327468464782
0 ERS 2 DEB
1 31137U 95021D   16010.48130907  .00000693  00000-0  23568-3 0  9997
2 31137  98.2767 347.2463 0004544  40.5098  83.1778 14.39546479623689
0 FENGYUN 1C DEB
1 31366U 99025BRW 16010.08769045  .00002551  00000-0  10428-2 0  9991
2 31366  98.8878  51.5432 0001857 224.9853 162.1005 14.28189300451420
0 FENGYUN 1C DEB
1 31520U 99025BXK 16010.91789505  .00002442  00000-0  10097-2 0  9999
2 31520  98.9196  39.2341 0004488 173.8598 305.4261 14.27634447449798
0 FENGYUN 1C DEB
1 31687U 99025CCV 15348.26546459  .00001421  00000-0  68426-3 0  9999
2 31687  98.9718 358.4954 0004903 306.5991  53.4734 14.20426403446406
0 CBERS 1 DEB
1 32079U 99057QT  16009.10786032  .00000382  00000-0  14011-3 0  9997
2 32079  98.4210 316.3152 0007370 103.3160 322.7653 14.38162990449557
0 FENGYUN 1C DEB
1 32342U 99025CYK 16011.03551403  .00000038  00000-0  44925-4 0  9998
2 32342  98.9749  29.4268 0007755 179.1056 236.6583 14.12387265428248
0 RADARSAT 2
1 32382U 07061A   16011.22230113  .00000041  00000-0  32970-4 0  9995
2 32382  98.5766  20.4409 0001036  94.9954  35.7019 14.29984759421550
0 FENGYUN 3A
1 32958U 08026A   16011.17672732  .00000051  00000-0  43939-4 0  9995
2 32958  98.4751  58.1742 0009911   3.1864 356.9388 14.19597827395138
0 THEOS
1 33396U 08049A   16011.20677852  .00000169  00000-0  10000-3 0  9991
2 33396  98.7451  80.5187 0001084 100.3912 350.8721 14.20019076377258
0 PSLV DEB
1 35351U 01049QK  16009.84740823 +.00001012 +00000-0 +32553-3 0  9998
2 35351 098.8459 232.0600 0003708 283.5974 076.4801 14.41618152133142
0 ERS 2 DEB
1 35391U 95021E   16009.48711852 +.00000638 +00000-0 +23445-3 0  9998
2 35391 098.2194 014.5748 0006902 036.8062 116.8511 14.35803629449413
0 ERS 2 DEB
1 35392U 95021F   16009.68547300  .00000602  00000-0  21057-3 0  9994
2 35392  98.3073  68.9515 0004370 139.0702 343.6610 14.38591245419698
0 ERS 2 DEB
1 35393U 95021G   16011.00588238  .00000700  00000-0  23334-3 0  9998
2 35393  98.1534  26.9459 0004643 330.7762  58.9826 14.40424889652268
0 METEOR-M
1 35865U 09049A   16011.13916137 -.00000029  00000-0  56509-5 0  9991
2 35865  98.4760  48.7514 0001768 206.7400 222.7672 14.22055283327768
0 STERKH 2
1 35866U 09049B   16011.16915183  .00000038  00000-0  35625-4 0  9999
2 35866  98.4711  50.6745 0002735 204.4467 196.4017 14.22828715327911
0 TATIANA 2
1 35868U 09049D   16011.18095661  .00000063  00000-0  46750-4 0  9992
2 35868  98.4719  50.0197 0003664 204.2513 155.8492 14.22702021327870
0 UGATUSAT
1 35869U 09049E   16011.12020661  .00000008  00000-0  22519-4 0  9991
2 35869  98.4671  48.2598 0003708 222.7070 137.3836 14.22324926327819
0 BLITS
1 35871U 09049G   16010.08653570 -.00000006  00000-0  16117-4 0  9995
2 35871  98.4651  44.8800 0002628 218.6326 141.4664 14.21748007326932
0 WORLDVIEW 2
1 35946U 09055A   16011.22315835  .00000086  00000-0  42988-4 0  9993
2 35946  98.3963  86.4694 0001635 117.5278 242.6088 14.37703330328363
0 DMSP 5D-3 F18 DEB
1 35953U 09057C   16011.57427441  .00000722  00000-0  38032-3 0  9999
2 35953  98.7017  52.3101 0003112 321.5127 192.2673 14.17091904321731
0 DMSP 5D-3 F18 DEB
1 35954U 09057D   16011.38139159  .00000614  00000-0  32787-3 0  9996
2 35954  98.7146  53.6764 0003030 311.8170 115.5125 14.16869062321673
0 SMOS
1 36036U 09059A   16010.64008515  .00000176  00000-0  70072-4 0  9992
2 36036  98.4421 199.7887 0001126  86.3872 273.7445 14.39745190325275
0 DMSP 5D-3 F18 DEB
1 36099U 09057E   16011.18631475  .00000484  00000-0  24580-3 0  9990
2 36099  98.8009  68.3166 0008972 267.9080  92.1069 14.20591038316933
0 DMSP 5D-3 F18 DEB
1 36100U 09057F   16011.06743599  .00000471  00000-0  25000-3 0  9995
2 36100  98.7602  60.0213 0008927 309.2025  50.8357 14.18279353318646
0 FENGYUN 1C DEB
1 36259U 99025DWL 16011.54501822  .00001574  00000-0  71905-3 0  9998
2 36259  98.9153  36.2569 0006439 122.8262  30.8698 14.22995185366205
0 RESOURCESAT 2
1 37387U 11015A   16011.15928944  .00000046  00000-0  41155-4 0  9997
2 37387  98.7273  87.5743 0003430  60.5214 299.6312 14.21621309245369
0 DMSP 5D-2 F11 DEB
1 37585U 91082CR  16009.88847659 +.00004577 +00000-0 +14428-2 0  9993
2 37585 098.7646 025.7006 0007726 211.0673 149.0058 14.40811047134883
0 CZ-4 DEB
1 37620U 90081DG  16007.91003650 +.00000790 +00000-0 +35636-3 0  9996
2 37620 098.5940 047.5286 0003518 354.8619 129.5769 14.24950101099138
0 CZ-4 DEB
1 37625U 90081DM  16011.34046376  .00001147  00000-0  42337-3 0  9998
2 37625  98.4775  50.0010 0001358 342.3646  17.7492 14.34364595685773
0 FENGYUN 1C DEB
1 37692U 99025ELH 15353.94155185  .00003580  00000-0  14669-2 0  9991
2 37692  98.9205  34.7207 0009267 176.2954 306.3289 14.27772378316316
0 NOAA 12 DEB
1 37831U 91032D   16010.19365839  .00001565  00000-0  52047-3 0  9997
2 37831  98.5779  56.7212 0006688  44.3396 356.3782 14.39090149223606
0 NOAA 12 DEB
1 37832U 91032E   16010.60588900  .00001480  00000-0  51827-3 0  9991
2 37832  98.6083  56.2665 0009966  85.8567  67.4367 14.36576068223486
0 NPP
1 37849U 11061A   16010.53255102  .00000040  00000-0  39389-4 0  9991
2 37849  98.7070 311.2193 0000801 134.4864 313.3179 14.19564015217792
0 ZY 1
1 38038U 11079A   16011.48095473  .00000125  00000-0  58304-4 0  9991
2 38038  98.4091  84.5493 0000733 105.7445 254.3823 14.35416925212515
0 NOAA 12 DEB
1 38547U 91032G   16011.34603189  .00000102  00000-0  58043-4 0  9992
2 38547  98.5984  46.4911 0005637  52.8759   4.0902 14.28736607598117
0 METOP-B
1 38771U 12049A   16010.79854662  .00000050  00000-0  42825-4 0  9997
2 38771  98.6703  72.3948 0000688  52.8002  91.7062 14.21503001171914
0 CZ-4 DEB
1 39055U 90081DP  16010.31102119  .00000419  00000-0  23231-3 0  9994
2 39055  98.6914  40.8071 0009836 192.9211 228.4184 14.16463077182045
0 SARAL
1 39086U 13009A   16010.85638900  .00000032  00000-0  28133-4 0  9992
2 39086  98.5389 200.5506 0001943  87.4262 272.7144 14.32245350150208
0 BLITS DEB
1 39119U 09049J   16010.06659798  .00000024  00000-0  29894-4 0  9995
2 39119  98.4662  44.8292 0003676 209.2867 150.8105 14.21749863153324
0 PROBA V
1 39159U 13021A   16011.05446670 -.00000021  00000-0  99814-5 0  9995
2 39159  98.6471  92.0286 0005213  89.5297 270.6487 14.22908313139204
0 FENGYUN 3C
1 39260U 13052A   16011.50582939  .00000030  00000-0  35038-4 0  9997
2 39260  98.7103  85.5306 0001527  75.0716 285.0629 14.19596775119229
0 METEOR M2
1 40069U 14037A   16011.14348923 -.00000050  00000-0 -29895-5 0  9992
2 40069  98.7309  68.5642 0004708 288.8414  71.2255 14.20623318 78290
0 CBERS-4
1 40336U 14079A   16011.21590018  .00000040  00000-0  28989-4 0  9996
2 40336  98.5078  88.7835 0001145 109.4732 250.6582 14.35445790 57384
0 DMSP 5D-2 F13 DEB
1 40397U 95015J   16010.80776863  .00000789  00000-0  41154-3 0  9998
2 40397  98.7606  14.3684 0008501 204.3939 155.6834 14.17378324 47149
0 DMSP 5D-2 F13 DEB
1 40398U 95015K   16010.51499944  .00000069  00000-0  57101-4 0  9990
2 40398  98.7624  13.5023 0005949 217.4026 142.6734 14.15877806 48191
0 DMSP 5D-2 F13 DEB
1 40399U 95015L   16011.45879497  .00001107  00000-0  57274-3 0  9994
2 40399  98.7632  14.9272 0008716 188.9959 171.1061 14.16976871 48355
0 DMSP 5D-2 F13 DEB
1 40404U 95015R   16010.69804589  .00000187  00000-0  11754-3 0  9996
2 40404  98.7646  13.6812 0005195 223.3582 136.7184 14.15764131 48218
0 DMSP 5D-2 F13 DEB
1 40406U 95015T   16010.94605559  .00005717  00000-0  26253-2 0  9995
2 40406  98.7493  15.3546 0007882 279.5813  80.4474 14.21591592 48266
0 DMSP 5D-2 F13 DEB
1 40407U 95015U   16010.84461962  .00000096  00000-0  71109-4 0  9990
2 40407  98.7626  13.7185 0005470 225.4397 134.6331 14.15695777 48137
0 DMSP 5D-2 F13 DEB
1 40409U 95015W   16010.45754766  .00000873  00000-0  46089-3 0  9997
2 40409  98.7605  13.5094 0003159 181.5281 178.5884 14.16476742 48106
0 DMSP 5D-2 F13 DEB
1 40415U 95015AC  16010.94768528  .00001112  00000-0  58072-3 0  9991
2 40415  98.7608  14.0126 0008546 132.2516 227.9385 14.16477022 47293
0 DMSP 5D-2 F13 DEB
1 40416U 95015AD  16010.95042635  .00000663  00000-0  35793-3 0  9992
2 40416  98.7607  13.8529 0004854 222.3322 137.7477 14.16062028 47297
0 DMSP 5D-2 F13 DEB
1 40439U 95015AR  16010.99052279  .00018052  00000-0  67387-2 0  9990
2 40439  98.7468  18.5191 0003468 229.6556 130.4324 14.31910290 48554
0 DMSP 5D-2 F13 DEB
1 40479U 95015BX  16010.44291019  .00000438  00000-0  24542-3 0  9997
2 40479  98.7751  13.8311 0004479 130.2584 229.8982 14.15755605 45476
0 DMSP 5D-2 F13 DEB
1 40497U 95015CL  16010.79405244  .00001448  00000-0  73643-3 0  9990
2 40497  98.7623  14.3033 0006172 201.5618 158.5298 14.17403625 44395
0 DMSP 5D-2 F13 DEB
1 40513U 95015CZ  16009.50671013 +.00000431 +00000-0 +23988-3 0  9993
2 40513 098.7617 012.5303 0006387 232.7061 127.3532 14.16127163041338
0 DMSP 5D-2 F13 DEB
1 40522U 95015DJ  16010.23470329  .00002978  00000-0  14578-2 0  9994
2 40522  98.7595  14.0229 0005373 213.2742 146.8096 14.18630095 44206
0 DMSP 5D-2 F13 DEB
1 40606U 95015FD  16010.80340874  .00002973  00000-0  14396-2 0  9994
2 40606  98.7610  14.9565 0007765 206.3894 153.6887 14.19193265 40818
0 DMSP 5D-2 F13 DEB
1 40609U 95015FG  16009.85455453  .00001474  00000-0  75191-3 0  9996
2 40609  98.7641  13.3660 0004800 202.3297 157.7669 14.17236770 42142
0 DMSP 5D-2 F13 DEB
1 40612U 95015FK  16006.23565068 +.00001388 +00000-0 +70978-3 0  9995
2 40612 098.7614 009.7073 0007092 236.6418 123.4078 14.17200707036692
0 DMSP 5D-2 F13 DEB
1 40672U 95015FL  16010.95507916  .00002569  00000-0  12644-2 0  9990
2 40672  98.7599  14.7146 0004850 196.1921 163.9100 14.18454871 40835
0 DMSP 5D-2 F13 DEB
1 40675U 95015FP  16009.44869686  .00001532  00000-0  78169-3 0  9994
2 40675  98.7622  12.8201 0004961 222.8302 137.2487 14.17153856 38409
0 DMSP 5D-2 F13 DEB
1 40676U 95015FQ  16006.95296761 +.00001301 +00000-0 +66658-3 0  9990
2 40676 098.7618 010.3854 0006037 239.7898 120.2679 14.17192512033711
0 DMSP 5D-2 F13 DEB
1 40681U 95015FV  16004.77339247  .00001295  00000-0  67266-3 0  9999
2 40681  98.7605   7.8570 0004578 260.1326  99.9331 14.16491368 38218
0 SENTINEL 2A
1 40697U 15028A   16011.03266284  .00000070  00000-0  43179-4 0  9997
2 40697  98.5651  87.4919 0001148 101.4012 258.7290 14.30821048 28883
0 NOAA 16 DEB
1 41048U 00055F   16010.63809972  .00000340  00000-0  20705-3 0  9993
2 41048  98.9398  81.2037 0002549 262.1229  97.9600 14.12811821  6523
0 NOAA 16 DEB
1 41080U 00055AP  16010.63634605  .00001734  00000-0  95555-3 0  9991
2 41080  98.9166  81.1240 0006255 335.6661  24.4207 14.12885160  5806
0 NOAA 16 DEB
1 41133U 00055BQ  16011.00185822  .00002032  00000-0  11229-2 0  9991
2 41133  98.9220  81.4764 0002218   2.9457 357.1735 14.12535605  4719
